version: 2
nodes:
	0 -> 52.124444, 4.6575
	1 -> 52.166389, 4.482222
	2 -> 52.147222, 4.491667
	3 -> 52.143539, 4.502148
	4 -> 52.126148, 4.557387
	5 -> 52.12758, 4.654088
	6 -> 52.124019, 4.658095
	7 -> 52.123999, 4.658039
	8 -> 52.123938, 4.657926
	9 -> 52.123941, 4.657827
	10 -> 52.115688, 4.665953
	11 -> 52.121273, 4.660727
	12 -> 52.07662, 4.646495
	13 -> 52.076611, 4.64664
	14 -> 52.07563, 4.646326
	15 -> 52.079897, 4.647002
	16 -> 52.055336, 4.648431
	17 -> 52.044733, 4.650065
	18 -> 52.013865, 4.670044
	19 -> 52.018962, 4.68203
	20 -> 52.017209, 4.70631
	21 -> 52.046539, 4.492452
	22 -> 52.047542, 4.478127
	23 -> 52.055159, 4.392975
	24 -> 52.074521, 4.385324
	25 -> 52.27851, 4.976985
	26 -> 52.274235, 4.981314
	27 -> 51.985009, 5.899338
	28 -> 51.98662, 5.887794
	29 -> 51.985246, 5.919358
	30 -> 51.986753, 5.88009
	31 -> 52.346653, 4.917773
	32 -> 52.311913, 4.947111
	33 -> 52.37873, 4.900521
	34 -> 52.360544, 4.931197
	35 -> 52.363368, 4.930897
	36 -> 52.298064, 4.960318
	37 -> 47.5475, 7.589722
	38 -> 47.568056, 7.606389
	39 -> 52.081944, 4.745556
	40 -> 52.068889, 4.341389
	41 -> 52.169727, 4.990868
	42 -> 52.165162, 4.991287
	43 -> 52.06307, 5.194454
	44 -> 52.065233, 5.258548
	45 -> 52.37546, 4.923092
	46 -> 51.429751, 6.776304
	47 -> 51.220278, 6.792778
	48 -> 52.315199, 4.944363
	49 -> 52.323521, 4.936564
	50 -> 51.943275, 6.014684
	51 -> 52.027805, 5.673281
	52 -> 51.871224, 6.155773
	53 -> 51.834232, 6.256023
	54 -> 50.106944, 8.6625
	55 -> 50.383333, 8.095
	56 -> 50.052778, 8.57
	57 -> 52.014722, 4.742778
	58 -> 52.081111, 4.323889
	59 -> 52.05153, 5.472018
	60 -> 52.017531, 4.682739
	61 -> 52.105098, 4.955329
	62 -> 51.969511, 5.959452
	63 -> 49.016667, 8.4
	64 -> 50.940833, 6.975
	65 -> 52.045915, 5.573975
	66 -> 50.444722, 7.825278
	67 -> 50.9425, 6.958056
	68 -> 50.7937, 7.2028
	69 -> 52.073718, 5.135118
	70 -> 49.488889, 8.469167
	71 -> 52.135248, 5.034084
	72 -> 52.065797, 5.34857
	73 -> 52.064165, 5.370106
	74 -> 51.843333, 5.8525
	75 -> 51.475455, 6.852865
	76 -> 51.512434, 6.843552
	77 -> 52.034153, 4.826627
	78 -> 52.376878, 4.910684
	79 -> 52.03007, 4.816712
	80 -> 51.994733, 5.840609
	81 -> 52.089167, 5.109722
	82 -> 52.098333, 5.069167
	83 -> 52.097583, 5.098297
	84 -> 52.100833, 5.043056
	85 -> 52.081446, 5.117222
	86 -> 52.106651, 5.083738
	87 -> 51.983621, 5.926031
	88 -> 52.066515, 4.358694
	89 -> 52.103056, 5.011944
	90 -> 52.084722, 4.893056
	91 -> 52.066098, 4.870439
	92 -> 51.655782, 6.627344
	93 -> 52.005513, 5.79353
	94 -> 51.923351, 6.07189
	95 -> 51.901315, 6.137684
	96 -> 51.91667, 6.097773
	97 -> 51.920081, 6.083928
	98 -> 51.954885, 5.851954
	99 -> 51.916933, 5.854816
	100 -> 51.907737, 5.855851
	101 -> 51.902037, 5.856353
	102 -> 51.892875, 5.857083
	103 -> 51.864024, 5.859443
	104 -> 52.150816, 4.481815
	105 -> 52.16303, 4.477762
	106 -> 52.163857, 4.479136
	107 -> 52.163962, 4.479211
	108 -> 52.164203, 4.47969
	109 -> 52.164213, 4.479599
	110 -> 52.164544, 4.480031
	111 -> 52.1658, 4.48221
	112 -> 52.165886, 4.482094
	113 -> 52.166401, 4.482692
	114 -> 52.166796, 4.483186
	115 -> 52.16649, 4.482695
	116 -> 52.166812, 4.483138
	117 -> 52.167595, 4.484157
	118 -> 52.168766, 4.485683
	119 -> 52.160366, 4.477519
	120 -> 52.160357, 4.477477
	121 -> 52.152489, 4.480444
	122 -> 52.152472, 4.480385
	123 -> 52.325029, 4.916537
	124 -> 52.337299, 4.889511
	125 -> 52.338856, 4.871948
	126 -> 52.337709, 4.847148
	127 -> 52.338541, 4.82414
	128 -> 52.308288, 4.76217
	129 -> 52.292385, 4.697848
	130 -> 52.284772, 4.682594
	131 -> 52.28448, 4.683345
	132 -> 52.259168, 4.645789
	133 -> 52.223409, 4.553079
	134 -> 52.21471, 4.515798
	135 -> 52.151799, 4.462282
	136 -> 52.146641, 4.456109
	137 -> 52.126056, 4.433594
	138 -> 52.091195, 4.369859
	139 -> 52.079199, 4.343686
	140 -> 52.115517, 4.965946
	141 -> 51.925478, 4.469541
	142 -> 51.931298, 4.449811
	143 -> 51.93946, 4.461081
	144 -> 51.94107, 4.472888
	145 -> 51.942079, 4.481144
	146 -> 51.945978, 4.509026
	147 -> 51.94976, 4.537068
	148 -> 51.9514, 4.551965
	149 -> 51.954156, 4.584048
	150 -> 51.965334, 4.617095
	151 -> 51.971344, 4.624005
	152 -> 52.005032, 4.658117
	153 -> 52.008516, 4.656046
	154 -> 52.354615, 4.945713
	155 -> 52.357544, 4.937495
	156 -> 52.361214, 4.932018
	157 -> 52.374564, 4.929019
	158 -> 52.369383, 4.933278
	159 -> 52.510975, 13.434621
	160 -> 52.525569, 13.369609
	161 -> 52.534671, 13.197468
	162 -> 52.594444, 11.854444
	163 -> 52.429167, 10.787778
	164 -> 52.377222, 9.741667
	165 -> 52.290556, 8.934444
	166 -> 52.203611, 8.575556
	167 -> 52.272778, 8.061667
	168 -> 52.275556, 7.435
	169 -> 52.309722, 7.157222
	170 -> 52.309095, 7.040087
	171 -> 52.306293, 6.933722
	172 -> 52.269244, 6.820492
	173 -> 52.262185, 6.793595
	174 -> 52.29833, 6.748707
	175 -> 52.342399, 6.66626
	176 -> 52.357282, 6.654812
	177 -> 52.361505, 6.59237
	178 -> 52.31189, 6.519317
	179 -> 52.284122, 6.421433
	180 -> 52.250505, 6.215487
	181 -> 52.252295, 6.195602
	182 -> 52.25775, 6.180351
	183 -> 52.257411, 6.160497
	184 -> 52.238746, 6.10196
	185 -> 52.2161, 6.006597
	186 -> 52.208968, 5.981239
	187 -> 52.209461, 5.970371
	188 -> 52.187694, 5.690745
	189 -> 52.162176, 5.588033
	190 -> 52.166299, 5.458692
	191 -> 52.163235, 5.389061
	192 -> 52.153645, 5.373263
	193 -> 52.153468, 5.363961
	194 -> 52.203096, 5.289879
	195 -> 52.20805, 5.282175
	196 -> 52.226649, 5.181582
	197 -> 52.238615, 5.17398
	198 -> 52.248123, 5.169727
	199 -> 52.262579, 5.164148
	200 -> 52.265332, 5.163075
	201 -> 52.281139, 5.156991
	202 -> 52.303021, 5.065617
	203 -> 52.309751, 5.048021
	204 -> 52.312142, 5.044199
	205 -> 52.330193, 5.002555
	206 -> 52.343163, 4.973882
	207 -> 52.345581, 4.967354
	208 -> 52.35086, 4.953202
	209 -> 50.964184, 8.718721
	210 -> 48.365445, 10.885645
	211 -> 48.399035, 9.98217
	212 -> 48.619406, 9.841769
	213 -> 48.700365, 9.651697
	214 -> 48.712939, 9.411823
	215 -> 48.784063, 9.181799
	216 -> 50.351047, 7.588781
	217 -> 50.731987, 7.097208
	218 -> 52.088995, 5.110107
	219 -> 52.017775, 4.704015
	220 -> 52.017863, 4.698393
	221 -> 51.517956, 7.459456
	222 -> 51.254314, 7.1495
	223 -> 51.677984, 7.807819
	224 -> 50.835351, 4.335688
	225 -> 48.88055, 2.35493
	226 -> 52.389378, 4.836771
	227 -> 52.383222, 4.888655
	228 -> 52.385973, 4.883012
	229 -> 52.389077, 4.865438
	230 -> 52.389155, 4.826299
	231 -> 52.391185, 4.812201
	232 -> 52.438419, 4.813812
	233 -> 52.45514, 4.812804
	234 -> 52.456761, 4.819756
	235 -> 52.496362, 4.934984
	236 -> 52.499256, 4.946217
	237 -> 52.503801, 4.954199
	238 -> 52.507249, 4.957278
	239 -> 52.511435, 4.967696
	240 -> 52.645029, 5.045856
	241 -> 52.645068, 5.054632
	242 -> 52.653244, 5.084694
	243 -> 52.690392, 5.18252
	244 -> 52.69508, 5.236024
	245 -> 52.696029, 5.253105
	246 -> 52.699514, 5.287823
	247 -> 52.309476, 5.074218
	248 -> 52.343441, 5.152452
	249 -> 52.360304, 5.17481
	250 -> 52.367608, 5.190647
	251 -> 52.375154, 5.21891
	252 -> 52.376739, 5.244661
	253 -> 52.394458, 5.278328
	254 -> 52.403244, 5.300494
	255 -> 52.48674, 5.468356
	256 -> 52.498785, 5.473613
	257 -> 52.507808, 5.472939
	258 -> 52.538883, 5.479599
	259 -> 52.549401, 5.500113
	260 -> 52.079539, 4.326043
	261 -> 52.090925, 5.108787
	262 -> 52.089685, 5.109988
	263 -> 52.079493, 4.325864
	264 -> 52.017468, 4.705498
	265 -> 52.391381, 4.868742
	266 -> 52.505623, 6.089954
	267 -> 52.499543, 6.105477
	268 -> 52.498224, 6.117944
	269 -> 52.506191, 6.139359
	270 -> 52.612286, 6.240424
	271 -> 52.691725, 6.197854
	272 -> 52.694983, 6.198839
	273 -> 52.696946, 6.199569
	274 -> 52.704228, 6.317672
	275 -> 52.733576, 6.472722
	276 -> 52.770844, 6.490826
	277 -> 52.854875, 6.521219
	278 -> 52.991931, 6.571068
	279 -> 53.141847, 6.632597
	280 -> 53.164694, 6.624743
	281 -> 53.174907, 6.618306
	282 -> 53.201624, 6.592309
	283 -> 53.206135, 6.582428
	284 -> 53.21055, 6.56404
	285 -> 53.16243, 6.627812
	286 -> 52.093799, 5.106515
	287 -> 52.506949, 6.085432
	288 -> 52.49275, 6.069685
	289 -> 52.487275, 6.050241
	290 -> 52.453656, 6.001704
	291 -> 52.408879, 5.892468
	292 -> 52.371014, 5.785073
	293 -> 52.337594, 5.619933
	294 -> 52.301157, 5.614461
	295 -> 52.265584, 5.575859
	296 -> 52.222371, 5.493933
	297 -> 52.192186, 5.433413
	298 -> 52.175458, 5.404918
	299 -> 52.326488, 4.944617
	300 -> 52.330488, 4.956225
	301 -> 52.338158, 4.970559
	302 -> 52.338656, 4.983949
	303 -> 52.549114, 5.588301
	304 -> 52.549662, 5.629242
	305 -> 52.546191, 5.66773
	306 -> 52.533819, 5.722919
	307 -> 52.524577, 5.827805
	308 -> 52.535868, 5.907328
	309 -> 52.533558, 5.912863
	310 -> 52.530954, 5.91723
	311 -> 52.505042, 5.980484
	312 -> 50.849968, 5.705541
	313 -> 50.869285, 5.716247
	314 -> 50.896889, 5.736684
	315 -> 50.947221, 5.786122
	316 -> 50.975697, 5.825025
	317 -> 50.983667, 5.83614
	318 -> 51.002238, 5.859035
	319 -> 51.060899, 5.862855
	320 -> 51.100544, 5.878991
	321 -> 51.131471, 5.910534
	322 -> 51.188664, 5.992438
	323 -> 51.193169, 5.994476
	324 -> 51.227998, 5.944222
	325 -> 51.2487, 5.704004
	326 -> 51.304138, 5.630383
	327 -> 51.31566, 5.621563
	328 -> 51.385254, 5.569614
	329 -> 51.420005, 5.550624
	330 -> 51.445074, 5.502774
	331 -> 51.443081, 5.480651
	332 -> 51.442637, 5.468482
	333 -> 51.450323, 5.457092
	334 -> 51.472482, 5.427684
	335 -> 51.509557, 5.389211
	336 -> 51.52265, 5.377173
	337 -> 51.570161, 5.334159
	338 -> 51.584803, 5.318731
	339 -> 51.655506, 5.291931
	340 -> 51.663146, 5.2906
	341 -> 51.690529, 5.293755
	342 -> 51.695358, 5.295557
	343 -> 51.698483, 5.297274
	344 -> 51.748448, 5.273167
	345 -> 51.807938, 5.26337
	346 -> 51.815778, 5.261954
	347 -> 51.855277, 5.260409
	348 -> 51.869986, 5.271009
	349 -> 51.882544, 5.271439
	350 -> 51.892689, 5.267211
	351 -> 51.946632, 5.227
	352 -> 51.960703, 5.213438
	353 -> 52.017338, 5.17929
	354 -> 52.03468, 5.167735
	355 -> 52.065974, 5.143746
	356 -> 52.072305, 5.136954
	357 -> 52.457971, 4.805657
	358 -> 52.468403, 4.805335
	359 -> 52.489274, 4.792568
	360 -> 52.493259, 4.772569
	361 -> 52.494344, 4.761583
	362 -> 52.521966, 4.701544
	363 -> 52.545591, 4.658801
	364 -> 52.584525, 4.686848
	365 -> 52.600083, 4.701192
	366 -> 52.637998, 4.740867
	367 -> 52.381991, 4.838916
	368 -> 52.357924, 4.833917
	369 -> 52.395257, 4.844173
	370 -> 52.392704, 4.864451
	371 -> 52.345617, 4.834346
	372 -> 52.268998, 4.660519
	373 -> 52.198, 4.611917
	374 -> 52.16027, 4.557415
	375 -> 52.125124, 4.554572
	376 -> 52.092487, 4.564807
	377 -> 52.038977, 4.528767
	378 -> 52.013653, 4.510764
	379 -> 51.947717, 4.454094
	380 -> 51.928227, 4.448137
	381 -> 51.925505, 4.480874
	382 -> 51.919854, 4.489156
	383 -> 51.903255, 4.511579
	384 -> 51.892742, 4.52012
	385 -> 51.879975, 4.531106
	386 -> 51.854628, 4.552306
	387 -> 51.807129, 4.588012
	388 -> 51.736477, 4.629768
	389 -> 51.718907, 4.643952
	390 -> 51.665715, 4.679185
	391 -> 51.647637, 4.692304
	392 -> 51.645441, 4.693789
	393 -> 51.605358, 4.721673
	394 -> 51.592336, 4.756606
	395 -> 51.595335, 4.779673
	396 -> 52.070287, 4.322645
	397 -> 52.054628, 4.308697
	398 -> 52.039597, 4.319684
	399 -> 52.02459, 4.338606
	400 -> 52.020811, 4.343373
	401 -> 52.006865, 4.356635
	402 -> 51.990919, 4.364693
	403 -> 51.921634, 4.409314
	404 -> 51.921939, 4.435632
	405 -> 51.922124, 4.437198
	406 -> 51.922534, 4.442241
	407 -> 51.854668, 4.552478
	408 -> 51.822596, 4.62331
	409 -> 51.815646, 4.640883
	410 -> 51.811427, 4.650496
	411 -> 51.80754, 4.668457
	412 -> 51.790037, 4.671911
	413 -> 51.726948, 4.639357
	414 -> 51.714626, 4.647492
	415 -> 51.690503, 4.66365
	416 -> 51.641779, 4.610217
	417 -> 51.636046, 4.604654
	418 -> 51.624358, 4.593269
	419 -> 51.588136, 4.533123
	420 -> 51.540477, 4.459352
	421 -> 51.469047, 4.448837
	422 -> 51.462377, 4.450962
	423 -> 51.427712, 4.463343
	424 -> 51.390999, 4.466883
	425 -> 51.378665, 4.467226
	426 -> 51.364828, 4.460424
	427 -> 51.313621, 4.432637
	428 -> 51.291271, 4.434954
	429 -> 51.281595, 4.43416
	430 -> 51.261619, 4.427852
	431 -> 51.24494, 4.424933
	432 -> 51.216454, 4.421221
	433 -> 51.017966, 4.483359
	434 -> 50.845419, 4.357106
	435 -> 52.126732, 4.655216
	436 -> 52.127282, 4.654499
	437 -> 52.127081, 4.654894
	438 -> 52.127174, 4.654573
	439 -> 52.126665, 4.655038
	440 -> 52.122601, 4.659532
	441 -> 52.122215, 4.659848
	442 -> 52.122051, 4.659859
	443 -> 52.121761, 4.660232
	444 -> 52.121259, 4.660656
	445 -> 52.136728, 4.635313
	446 -> 52.088903, 5.109536
	447 -> 52.088608, 5.109783
	448 -> 52.088913, 5.109769
	450 -> 52.088657, 5.110402
	451 -> 52.08909, 5.110796
	452 -> 52.088985, 5.11052
	453 -> 52.089127, 5.110405
	454 -> 52.089254, 5.110972
	455 -> 52.088809, 5.110018
	456 -> 52.089029, 5.110217
	457 -> 52.088751, 5.110327
	458 -> 52.088922, 5.110324
	459 -> 52.08915, 5.110498
	460 -> 52.089186, 5.110784
	461 -> 52.088492, 5.11015
	462 -> 52.089008, 5.110243
	463 -> 52.08899, 5.110898
	464 -> 52.089176, 5.110721
	465 -> 52.088838, 5.110642
	466 -> 52.090536, 5.110305
	467 -> 52.089255, 5.110964
	468 -> 52.089107, 5.110861
	469 -> 52.090506, 5.110176
	470 -> 52.089164, 5.11105
	471 -> 52.089193, 5.111028
	472 -> 52.280299, 4.976098
	473 -> 52.278093, 4.97768
	474 -> 52.017256, 4.706067
	475 -> 52.017492, 4.70608
	476 -> 52.017676, 4.706428
	477 -> 52.043073, 4.649774
	478 -> 51.921275, 6.579001
	479 -> 51.921302, 6.576399
	480 -> 52.044041, 4.649939
	481 -> 52.073341, 4.825872
	482 -> 52.072094, 4.845978
	483 -> 52.072018, 4.845994
	484 -> 52.071633, 4.852615
	485 -> 52.07157, 4.853063
	486 -> 52.086186, 4.896961
	487 -> 52.07111, 4.859984
	488 -> 52.071139, 4.859985
	489 -> 52.07094, 4.862595
	490 -> 52.083419, 4.88909
	491 -> 52.084151, 4.89064
	492 -> 52.086492, 4.897246
	493 -> 52.07428, 4.878145
	494 -> 52.083614, 4.889602
	495 -> 52.083806, 4.890014
	496 -> 52.086287, 4.896783
	497 -> 52.086696, 4.897984
	498 -> 52.087837, 4.901467
	499 -> 52.072993, 4.876997
	500 -> 52.08666, 4.898092
	501 -> 52.087256, 4.899903
	502 -> 52.087419, 4.9004
	503 -> 52.087785, 4.901501
	504 -> 52.072974, 4.877126
	505 -> 52.086588, 4.898002
	506 -> 52.086901, 4.898926
	507 -> 52.087759, 4.901553
	508 -> 52.074479, 4.878617
	509 -> 52.08358, 4.889927
	510 -> 52.083772, 4.890356
	511 -> 52.087155, 4.899898
	512 -> 52.086756, 4.898001
	513 -> 52.075286, 4.879699
	514 -> 52.083019, 4.88898
	515 -> 52.084254, 4.891788
	516 -> 52.08684, 4.899084
	517 -> 52.087065, 4.899826
	518 -> 52.066974, 4.87123
	519 -> 52.067355, 4.871644
	520 -> 52.065977, 4.870352
	521 -> 52.066361, 4.870634
	522 -> 52.087699, 4.901576
	523 -> 52.083751, 4.89006
	524 -> 52.083722, 4.890089
	525 -> 52.085, 4.892625
	526 -> 52.08489, 4.892707
	527 -> 52.084762, 4.89283
	528 -> 52.084668, 4.892936
	529 -> 52.070899, 4.86259
	530 -> 52.07426, 4.878191
	531 -> 52.074495, 4.878569
	532 -> 52.08308, 4.888916
	533 -> 52.083121, 4.888853
	534 -> 52.083148, 4.888803
	535 -> 52.083183, 4.888743
	536 -> 52.083208, 4.888689
	537 -> 52.084816, 4.892792
	538 -> 52.084853, 4.892762
	539 -> 51.824035, 5.794998
	540 -> 51.811411, 5.730061
	541 -> 51.794576, 5.636757
	542 -> 51.764819, 5.529608
	543 -> 51.758391, 5.506777
	544 -> 51.715025, 5.369083
	545 -> 51.700498, 5.318497
	546 -> 51.921234, 6.575078
	547 -> 51.937199, 6.45866
	548 -> 51.922534, 6.364408
	549 -> 51.930474, 6.349388
	550 -> 51.958356, 6.294982
	551 -> 51.95868, 6.287274
	552 -> 51.95915, 6.259857
	553 -> 51.957211, 6.213868
	554 -> 51.933381, 6.132816
	555 -> 51.574339, 5.121355
	556 -> 51.562245, 5.109017
	557 -> 51.560648, 5.083992
	558 -> 51.564906, 5.05166
	559 -> 51.573662, 4.993467
	560 -> 51.58395, 4.92462
	561 -> 52.108723, 5.119709
	562 -> 52.11007, 5.125454
	563 -> 52.112669, 5.137218
	564 -> 52.113733, 5.141982
	565 -> 52.114461, 5.145034
	566 -> 52.117416, 5.156986
	567 -> 52.129978, 5.203999
	568 -> 52.140165, 5.241593
	569 -> 52.145031, 5.298273
	570 -> 52.148316, 5.347239
	571 -> 52.153379, 5.362839
	572 -> 52.107233, 5.141096
	573 -> 52.087622, 5.131494
	574 -> 52.045209, 4.649874
	575 -> 52.044305, 4.649963
	576 -> 52.042512, 4.649915
	577 -> 52.041532, 4.649727
	578 -> 52.01436, 4.648513
	579 -> 52.009711, 4.659886
	580 -> 52.013457, 4.668953
	581 -> 52.010484, 4.663823
	582 -> 52.093838, 4.649402
	583 -> 52.11119, 4.665873
	584 -> 52.114517, 4.672428
	585 -> 52.104581, 4.714931
	586 -> 52.098808, 4.72523
	587 -> 52.084912, 4.737869
	588 -> 52.082844, 4.741386
	589 -> 52.081786, 4.744725
	590 -> 52.081756, 4.744696
	591 -> 52.081632, 4.745594
	592 -> 52.081341, 4.746772
	593 -> 52.081049, 4.74844
	594 -> 52.077053, 4.768837
	595 -> 52.130277, 4.640752
	596 -> 52.123605, 4.583304
	597 -> 52.123503, 4.578894
	598 -> 52.125328, 4.561642
	599 -> 52.126589, 4.555549
	600 -> 52.126553, 4.555522
	601 -> 52.127883, 4.549728
	602 -> 52.127831, 4.549696
	603 -> 52.128786, 4.546488
	604 -> 52.128763, 4.546456
	605 -> 52.142825, 4.504408
	606 -> 52.142793, 4.504389
	607 -> 52.163011, 4.477848
:end

links:
	1, 115
	1, 134
	1, 135
	2, 3
	2, 104
	3, 2
	3, 605
	3, 606
	4, 598
	4, 599
	4, 600
	5, 436
	5, 437
	5, 445
	5, 595
	6, 437
	6, 440
	7, 435
	7, 441
	8, 438
	8, 443
	9, 439
	9, 442
	10, 11
	10, 583
	11, 10
	11, 443
	12, 14
	12, 15
	13, 14
	13, 15
	14, 12
	14, 13
	14, 16
	15, 12
	15, 13
	15, 582
	16, 14
	16, 574
	18, 19
	18, 60
	18, 152
	18, 580
	18, 581
	19, 18
	19, 220
	20, 57
	20, 219
	20, 220
	20, 264
	20, 474
	20, 475
	20, 476
	21, 22
	21, 153
	22, 21
	22, 23
	23, 22
	23, 24
	23, 88
	24, 23
	26, 41
	26, 472
	26, 473
	27, 28
	27, 29
	28, 27
	28, 30
	29, 27
	29, 87
	30, 28
	30, 80
	30, 98
	31, 34
	31, 49
	32, 36
	32, 48
	32, 123
	33, 78
	33, 227
	34, 31
	34, 35
	35, 34
	35, 156
	35, 158
	36, 32
	36, 472
	36, 473
	37, 38
	38, 37
	38, 63
	40, 58
	40, 88
	40, 260
	40, 263
	41, 26
	41, 42
	42, 41
	42, 71
	42, 140
	43, 44
	43, 69
	44, 43
	44, 72
	45, 78
	45, 157
	46, 47
	46, 75
	47, 46
	47, 64
	48, 32
	48, 49
	49, 31
	49, 48
	49, 123
	49, 299
	50, 62
	50, 94
	51, 65
	51, 93
	52, 53
	52, 95
	53, 52
	53, 92
	54, 56
	55, 56
	55, 66
	55, 216
	56, 54
	56, 55
	56, 70
	57, 20
	57, 79
	58, 40
	58, 139
	58, 396
	59, 65
	59, 73
	60, 18
	60, 220
	61, 89
	61, 140
	61, 498
	61, 503
	61, 507
	61, 522
	62, 50
	62, 87
	63, 38
	63, 70
	64, 47
	64, 67
	64, 222
	65, 51
	65, 59
	66, 55
	66, 68
	67, 64
	67, 68
	67, 217
	68, 66
	68, 67
	69, 43
	69, 85
	69, 356
	70, 56
	70, 63
	70, 215
	70, 216
	71, 42
	71, 86
	72, 44
	72, 73
	73, 59
	73, 72
	74, 103
	74, 539
	75, 46
	75, 76
	76, 75
	76, 92
	77, 79
	77, 91
	78, 33
	78, 45
	79, 57
	79, 77
	80, 30
	80, 93
	82, 84
	82, 286
	83, 86
	83, 286
	84, 82
	84, 89
	85, 69
	85, 447
	85, 450
	85, 455
	85, 458
	85, 459
	85, 461
	85, 463
	85, 465
	85, 468
	85, 470
	85, 471
	86, 71
	86, 83
	87, 29
	87, 62
	88, 23
	88, 40
	89, 61
	89, 84
	91, 77
	91, 520
	91, 521
	92, 53
	92, 76
	93, 51
	93, 80
	94, 50
	94, 97
	94, 554
	95, 52
	95, 96
	96, 95
	96, 97
	97, 94
	97, 96
	98, 30
	98, 99
	99, 98
	99, 100
	100, 99
	100, 101
	101, 100
	101, 102
	102, 101
	102, 103
	103, 74
	103, 102
	104, 2
	104, 121
	104, 122
	105, 107
	105, 120
	106, 108
	106, 109
	106, 607
	107, 105
	107, 108
	107, 109
	108, 106
	108, 107
	108, 111
	109, 106
	109, 107
	109, 110
	109, 112
	110, 109
	110, 113
	111, 108
	112, 109
	113, 110
	113, 114
	113, 116
	114, 113
	114, 115
	114, 118
	115, 1
	115, 114
	115, 116
	116, 113
	116, 115
	116, 117
	117, 116
	118, 114
	119, 121
	119, 607
	120, 105
	120, 122
	121, 104
	121, 119
	122, 104
	122, 120
	123, 32
	123, 49
	123, 124
	124, 123
	124, 125
	125, 124
	125, 126
	126, 125
	126, 127
	127, 126
	127, 128
	127, 371
	128, 127
	128, 129
	129, 128
	129, 130
	129, 131
	130, 129
	130, 132
	130, 372
	131, 129
	132, 130
	132, 133
	133, 132
	133, 134
	134, 1
	134, 133
	135, 1
	135, 136
	136, 135
	136, 137
	137, 136
	137, 138
	138, 137
	138, 139
	139, 58
	139, 138
	139, 396
	140, 42
	140, 61
	141, 142
	141, 380
	141, 381
	141, 406
	142, 141
	142, 143
	143, 142
	143, 144
	144, 143
	144, 145
	145, 144
	145, 146
	146, 145
	146, 147
	147, 146
	147, 148
	148, 147
	148, 149
	149, 148
	149, 150
	150, 149
	150, 151
	151, 150
	151, 152
	152, 18
	152, 151
	153, 21
	153, 581
	154, 155
	155, 154
	155, 156
	155, 208
	156, 35
	156, 155
	157, 45
	157, 158
	158, 35
	158, 157
	159, 160
	160, 159
	160, 161
	161, 160
	161, 162
	162, 161
	162, 163
	163, 162
	163, 164
	164, 163
	164, 165
	164, 223
	165, 164
	165, 166
	166, 165
	166, 167
	167, 166
	167, 168
	168, 167
	168, 169
	169, 168
	169, 170
	170, 169
	170, 171
	171, 170
	171, 172
	172, 171
	172, 173
	173, 172
	173, 174
	174, 173
	174, 175
	175, 174
	175, 176
	176, 175
	176, 177
	177, 176
	177, 178
	178, 177
	178, 179
	179, 178
	179, 180
	180, 179
	180, 181
	181, 180
	181, 182
	182, 181
	182, 183
	183, 182
	183, 184
	184, 183
	184, 185
	185, 184
	185, 186
	186, 185
	186, 187
	187, 186
	187, 188
	188, 187
	188, 189
	189, 188
	189, 190
	190, 189
	190, 191
	191, 190
	191, 192
	191, 298
	192, 191
	192, 193
	192, 571
	193, 192
	193, 194
	194, 193
	194, 195
	195, 194
	195, 196
	196, 195
	196, 197
	197, 196
	197, 198
	198, 197
	198, 199
	199, 198
	199, 200
	200, 199
	200, 201
	201, 200
	201, 202
	202, 201
	202, 203
	203, 202
	203, 204
	203, 247
	204, 203
	204, 205
	205, 204
	205, 206
	205, 302
	206, 205
	206, 207
	207, 206
	207, 208
	208, 155
	208, 207
	209, 210
	210, 209
	210, 211
	211, 210
	211, 212
	212, 211
	212, 213
	213, 212
	213, 214
	214, 213
	214, 215
	215, 70
	215, 214
	216, 55
	216, 70
	216, 217
	217, 67
	217, 216
	218, 286
	218, 457
	219, 20
	219, 220
	220, 19
	220, 20
	220, 60
	220, 219
	220, 264
	220, 474
	220, 475
	220, 476
	221, 222
	221, 223
	222, 64
	222, 221
	223, 164
	223, 221
	224, 225
	224, 434
	225, 224
	226, 229
	226, 230
	226, 367
	226, 369
	227, 33
	227, 228
	227, 370
	228, 227
	228, 229
	228, 265
	229, 226
	229, 228
	230, 226
	230, 231
	230, 369
	231, 230
	231, 232
	232, 231
	232, 233
	232, 357
	233, 232
	233, 234
	234, 233
	234, 235
	235, 234
	235, 236
	236, 235
	236, 237
	237, 236
	237, 238
	238, 237
	238, 239
	239, 238
	239, 240
	240, 239
	240, 241
	241, 240
	241, 242
	242, 241
	242, 243
	243, 242
	243, 244
	244, 243
	244, 245
	245, 244
	245, 246
	246, 245
	247, 203
	247, 248
	248, 247
	248, 249
	249, 248
	249, 250
	250, 249
	250, 251
	251, 250
	251, 252
	252, 251
	252, 253
	253, 252
	253, 254
	254, 253
	254, 255
	255, 254
	255, 256
	256, 255
	256, 257
	257, 256
	257, 258
	258, 257
	258, 259
	258, 303
	259, 258
	260, 40
	260, 396
	261, 262
	261, 286
	262, 261
	262, 459
	263, 40
	263, 396
	264, 20
	264, 220
	265, 228
	266, 267
	266, 287
	267, 266
	267, 268
	268, 267
	268, 269
	269, 268
	269, 270
	270, 269
	270, 271
	271, 270
	271, 272
	272, 271
	272, 273
	273, 272
	273, 274
	274, 273
	274, 275
	275, 274
	275, 276
	276, 275
	276, 277
	277, 276
	277, 278
	278, 277
	278, 279
	279, 278
	279, 280
	279, 285
	280, 279
	280, 281
	280, 285
	281, 280
	281, 282
	282, 281
	282, 283
	283, 282
	283, 284
	284, 283
	285, 279
	285, 280
	286, 82
	286, 83
	286, 218
	286, 261
	286, 446
	286, 448
	286, 453
	286, 454
	286, 455
	286, 456
	286, 460
	286, 464
	286, 466
	286, 467
	286, 469
	286, 561
	287, 266
	287, 288
	288, 287
	288, 289
	289, 288
	289, 290
	289, 311
	290, 289
	290, 291
	291, 290
	291, 292
	292, 291
	292, 293
	293, 292
	293, 294
	294, 293
	294, 295
	295, 294
	295, 296
	296, 295
	296, 297
	297, 296
	297, 298
	298, 191
	298, 297
	299, 49
	299, 300
	300, 299
	300, 301
	301, 300
	301, 302
	302, 205
	302, 301
	303, 258
	303, 304
	304, 303
	304, 305
	305, 304
	305, 306
	306, 305
	306, 307
	307, 306
	307, 308
	308, 307
	308, 309
	309, 308
	309, 310
	310, 309
	310, 311
	311, 289
	311, 310
	312, 313
	313, 312
	313, 314
	314, 313
	314, 315
	315, 314
	315, 316
	316, 315
	316, 317
	317, 316
	317, 318
	318, 317
	318, 319
	319, 318
	319, 320
	320, 319
	320, 321
	321, 320
	321, 322
	322, 321
	322, 323
	323, 322
	323, 324
	324, 323
	324, 325
	325, 324
	325, 326
	326, 325
	326, 327
	327, 326
	327, 328
	328, 327
	328, 329
	329, 328
	329, 330
	330, 329
	330, 331
	331, 330
	331, 332
	332, 331
	332, 333
	333, 332
	333, 334
	334, 333
	334, 335
	335, 334
	335, 336
	336, 335
	336, 337
	337, 336
	337, 338
	338, 337
	338, 339
	339, 338
	339, 340
	340, 339
	340, 341
	340, 555
	341, 340
	341, 342
	341, 545
	342, 341
	342, 343
	343, 342
	343, 344
	344, 343
	344, 345
	345, 344
	345, 346
	346, 345
	346, 347
	347, 346
	347, 348
	348, 347
	348, 349
	349, 348
	349, 350
	350, 349
	350, 351
	351, 350
	351, 352
	352, 351
	352, 353
	353, 352
	353, 354
	354, 353
	354, 355
	355, 354
	355, 356
	356, 69
	356, 355
	357, 232
	357, 358
	358, 357
	358, 359
	359, 358
	359, 360
	360, 359
	360, 361
	361, 360
	361, 362
	362, 361
	362, 363
	363, 362
	363, 364
	364, 363
	364, 365
	365, 364
	365, 366
	366, 365
	367, 226
	367, 368
	368, 367
	368, 371
	369, 226
	369, 230
	369, 370
	370, 227
	370, 369
	371, 127
	371, 368
	372, 130
	372, 373
	373, 372
	373, 374
	374, 373
	374, 375
	375, 374
	375, 376
	376, 375
	376, 377
	377, 376
	377, 378
	378, 377
	378, 379
	379, 378
	379, 380
	380, 141
	380, 379
	381, 141
	381, 382
	382, 381
	382, 383
	383, 382
	383, 384
	384, 383
	384, 385
	385, 384
	385, 386
	385, 407
	386, 385
	386, 387
	387, 386
	387, 388
	388, 387
	388, 389
	389, 388
	389, 390
	390, 389
	390, 391
	391, 390
	391, 392
	391, 415
	392, 391
	392, 393
	393, 392
	393, 394
	394, 393
	394, 395
	395, 394
	395, 560
	396, 58
	396, 139
	396, 260
	396, 263
	396, 397
	397, 396
	397, 398
	398, 397
	398, 399
	399, 398
	399, 400
	400, 399
	400, 401
	401, 400
	401, 402
	402, 401
	402, 403
	403, 402
	403, 404
	404, 403
	404, 405
	405, 404
	405, 406
	406, 141
	406, 405
	407, 385
	407, 408
	408, 407
	408, 409
	409, 408
	409, 410
	410, 409
	410, 411
	411, 410
	411, 412
	412, 411
	412, 413
	413, 412
	413, 414
	414, 413
	414, 415
	415, 391
	415, 414
	415, 416
	416, 415
	416, 417
	417, 416
	417, 418
	418, 417
	418, 419
	419, 418
	419, 420
	420, 419
	420, 421
	421, 420
	421, 422
	422, 421
	422, 423
	423, 422
	423, 424
	424, 423
	424, 425
	425, 424
	425, 426
	426, 425
	426, 427
	427, 426
	427, 428
	428, 427
	428, 429
	429, 428
	429, 430
	430, 429
	430, 431
	431, 430
	431, 432
	432, 431
	432, 433
	433, 432
	433, 434
	434, 224
	434, 433
	435, 7
	435, 436
	436, 5
	436, 435
	436, 438
	437, 5
	437, 6
	438, 8
	438, 436
	438, 439
	439, 9
	439, 438
	440, 6
	440, 441
	441, 7
	441, 440
	441, 584
	442, 9
	442, 443
	442, 444
	443, 8
	443, 11
	443, 442
	444, 442
	445, 5
	446, 286
	446, 447
	447, 85
	447, 446
	448, 286
	448, 461
	450, 85
	450, 457
	451, 463
	451, 464
	452, 453
	452, 465
	453, 286
	453, 452
	454, 286
	454, 471
	455, 85
	455, 286
	456, 286
	456, 462
	457, 218
	457, 450
	458, 85
	458, 462
	459, 85
	459, 262
	460, 286
	460, 468
	461, 85
	461, 448
	462, 456
	462, 458
	463, 85
	463, 451
	464, 286
	464, 451
	465, 85
	465, 452
	466, 286
	467, 286
	467, 470
	468, 85
	468, 460
	469, 286
	470, 85
	470, 467
	471, 85
	471, 454
	472, 26
	472, 36
	473, 26
	473, 36
	474, 20
	474, 220
	475, 20
	475, 220
	476, 20
	476, 220
	477, 574
	477, 577
	478, 546
	479, 546
	480, 575
	480, 576
	481, 483
	481, 594
	482, 484
	483, 481
	483, 485
	484, 482
	484, 485
	484, 488
	485, 483
	485, 484
	485, 487
	486, 505
	486, 511
	486, 527
	487, 485
	487, 489
	487, 529
	488, 484
	488, 489
	489, 487
	489, 488
	489, 536
	490, 491
	490, 494
	490, 536
	491, 490
	491, 525
	492, 497
	492, 512
	492, 525
	493, 499
	493, 535
	494, 490
	494, 495
	494, 535
	495, 494
	495, 526
	496, 497
	496, 500
	496, 526
	497, 492
	497, 496
	497, 498
	498, 61
	498, 497
	499, 493
	499, 518
	499, 530
	500, 496
	500, 501
	500, 538
	501, 500
	501, 502
	501, 506
	502, 501
	502, 503
	502, 507
	503, 61
	503, 502
	504, 508
	504, 519
	504, 531
	505, 486
	505, 506
	505, 537
	506, 501
	506, 505
	506, 507
	507, 61
	507, 502
	507, 506
	508, 504
	508, 532
	509, 510
	509, 514
	509, 532
	510, 509
	510, 515
	510, 527
	511, 486
	511, 516
	511, 522
	512, 492
	513, 514
	513, 529
	514, 509
	514, 513
	514, 515
	515, 510
	515, 514
	515, 528
	516, 511
	516, 517
	516, 528
	517, 516
	518, 499
	518, 519
	518, 521
	519, 504
	519, 518
	519, 520
	520, 91
	520, 519
	520, 521
	521, 91
	521, 518
	521, 520
	522, 61
	522, 511
	523, 534
	523, 538
	524, 533
	524, 537
	525, 491
	525, 492
	526, 495
	526, 496
	527, 486
	527, 510
	528, 515
	528, 516
	529, 487
	529, 513
	530, 499
	530, 534
	531, 504
	531, 533
	532, 508
	532, 509
	533, 524
	533, 531
	534, 523
	534, 530
	535, 493
	535, 494
	536, 489
	536, 490
	537, 505
	537, 524
	538, 500
	538, 523
	539, 74
	539, 540
	540, 539
	540, 541
	541, 540
	541, 542
	542, 541
	542, 543
	543, 542
	543, 544
	544, 543
	544, 545
	545, 341
	545, 544
	546, 478
	546, 479
	546, 547
	547, 546
	547, 548
	548, 547
	548, 549
	549, 548
	549, 550
	550, 549
	550, 551
	551, 550
	551, 552
	552, 551
	552, 553
	553, 552
	553, 554
	554, 94
	554, 553
	555, 340
	555, 556
	556, 555
	556, 557
	557, 556
	557, 558
	558, 557
	558, 559
	559, 558
	559, 560
	560, 395
	560, 559
	561, 286
	561, 562
	562, 561
	562, 563
	563, 562
	563, 564
	564, 563
	564, 565
	564, 572
	565, 564
	565, 566
	565, 572
	566, 565
	566, 567
	567, 566
	567, 568
	568, 567
	568, 569
	569, 568
	569, 570
	570, 569
	570, 571
	571, 192
	571, 570
	572, 564
	572, 565
	572, 573
	573, 572
	574, 16
	574, 477
	574, 575
	575, 480
	575, 574
	576, 480
	576, 577
	577, 477
	577, 576
	577, 578
	578, 577
	578, 579
	579, 578
	579, 580
	580, 18
	580, 579
	581, 18
	581, 153
	582, 15
	582, 583
	583, 10
	583, 582
	584, 441
	584, 585
	585, 584
	585, 586
	586, 585
	586, 587
	587, 586
	587, 588
	588, 587
	588, 589
	588, 590
	589, 588
	589, 591
	590, 588
	590, 592
	591, 589
	591, 593
	592, 590
	592, 593
	593, 591
	593, 592
	593, 594
	594, 481
	594, 593
	595, 5
	595, 596
	596, 595
	596, 597
	597, 596
	597, 598
	598, 4
	598, 597
	599, 4
	599, 601
	600, 4
	600, 602
	601, 599
	601, 603
	602, 600
	602, 604
	603, 601
	603, 605
	604, 602
	604, 606
	605, 3
	605, 603
	606, 3
	606, 604
	607, 106
	607, 119
:end

places:
	Ac -> 25
	AcS2 -> 472
	AcS3 -> 473
	Aco -> 26
	Aeg -> 367
	Ah -> 27
	Ahb -> 28
	Ahp -> 29
	Ahwa -> 30
	Ahz -> 98
	Alm -> 251
	Almb -> 253
	Almm -> 250
	Almmo -> 249
	Almo -> 254
	Almp -> 252
	Ama -> 191
	Amf -> 192
	Amfga -> 193
	Amfs -> 298
	Amfva -> 570
	Aml -> 176
	Ampo -> 248
	Amr -> 366
	Amri -> 175
	And -> 430
	Apd -> 187
	Apda -> 186
	Apdo -> 185
	Apn -> 0
	ApnGd -> 445
	ApnS1 -> 6
	ApnS2 -> 7
	ApnS3 -> 8
	ApnS4 -> 9
	Asa -> 31
	Asb -> 32
	Asd -> 33
	Asdl -> 368
	Asdm -> 34
	Asdma -> 35
	Asdmw -> 156
	Asdta -> 369
	Asdz -> 125
	Ashd -> 36
	Asn -> 278
	Asra -> 127
	Ass -> 226
	Assp -> 208
	Aswplz -> 265
	At -> 334
	AtnS1 -> 479
	AtnS2 -> 478
	Atw -> 432
	Atwlb -> 431
	Augsb -> 210
	Avat -> 297
	Az -> 143
	Baselb -> 38
	Basels -> 37
	Bd -> 395
	Bda -> 394
	Bde -> 314
	Bdg -> 39
	BdgS1 -> 591
	BdgS2 -> 592
	Bdpb -> 393
	Berhbl -> 160
	Berlis -> 161
	Berost -> 159
	Bet -> 335
	Beto -> 336
	Bh -> 169
	Bha -> 313
	Bhv -> 567
	Bk -> 315
	Bkda -> 571
	Bkf -> 245
	Bkg -> 244
	Bkh -> 40
	Bkl -> 41
	Bkla -> 42
	Bkp -> 564
	Bl -> 277
	Blo -> 565
	Bloa -> 566
	Blw -> 563
	Blz -> 572
	Bn -> 174
	Bnk -> 43
	Bnva -> 189
	Bonn -> 217
	Brd -> 407
	Brn -> 195
	Brna -> 194
	Brusc -> 434
	Brusz -> 224
	BskS1 -> 12
	BskS2 -> 13
	Bsmz -> 200
	Btl -> 338
	Buende -> 166
	Cas -> 363
	Cl -> 351
	Cps -> 149
	Crao -> 198
	Craw -> 199
	Db -> 44
	Ddm -> 302
	Ddr -> 411
	Ddv -> 270
	Ddzd -> 412
	Dgok -> 157
	Dgro -> 158
	Dgrw -> 45
	Dhs -> 405
	Dhsa -> 406
	Did -> 554
	Dld -> 568
	Dmn -> 207
	Dmnz -> 300
	Dortm -> 221
	Drokpz -> 307
	Dron -> 306
	Dt -> 401
	Dta -> 399
	Dtc -> 550
	Dtch -> 552
	Dtz -> 402
	Duisb -> 46
	Dussel -> 47
	Dv -> 183
	Dvaw -> 123
	Dvaz -> 48
	Dvc -> 180
	Dvd -> 49
	Dvgea -> 182
	Dvn -> 50
	Dvnk -> 136
	Ebtwa -> 101
	Ec -> 320
	Ed -> 51
	Ehb -> 333
	Ehst -> 332
	Ehv -> 331
	Ekeren -> 429
	Ekz -> 246
	El -> 52
	Em -> 53
	Eml -> 294
	Esn -> 422
	Est -> 99
	Esta -> 100
	Fffm -> 54
	Flb -> 55
	Fnaf -> 56
	Gd -> 20
	GdS3 -> 474
	GdS5 -> 264
	GdS8 -> 475
	GdS10 -> 219
	GdS11 -> 476
	Gdg -> 57
	Gdm -> 349
	Gdma -> 350
	Gdr -> 549
	Geisl -> 212
	Gerp -> 283
	Gkt -> 425
	Gn -> 284
	Gnl -> 282
	Gop -> 213
	Gp -> 329
	Gpda -> 205
	Grbr -> 410
	Gv -> 396
	Gvc -> 58
	GvcS4 -> 263
	GvcS5 -> 260
	Gvm -> 138
	Gvmw -> 397
	Gwbr -> 19
	Gwd -> 423
	Gz -> 560
	Hamm -> 223
	Hann -> 164
	Har -> 59
	Hd -> 293
	Hde -> 291
	Hdl -> 344
	Hea -> 269
	Heide -> 426
	Hfd -> 129
	Hfdm -> 130
	Hfdo -> 131
	Hgbr -> 272
	Hgl -> 173
	Hglo -> 172
	Hgv -> 275
	Hgwbr -> 60
	Hks -> 243
	Hlba -> 144
	Hln -> 324
	Hlo -> 365
	Hmla -> 61
	Hmlba -> 140
	Hmta -> 231
	Hn -> 241
	Hna -> 240
	Hnk -> 242
	Hon -> 179
	Hrn -> 281
	Hsbrdo -> 386
	Hsghtn -> 374
	Hsghtz -> 376
	Hshfdo -> 372
	Hshmdo -> 373
	Hsrtdt -> 379
	Hsrtdv -> 377
	Hstdk -> 388
	Hstom -> 387
	Hsvbw -> 378
	Hsvhd -> 389
	Hszha -> 390
	Ht -> 341
	Htba -> 289
	Htda -> 342
	Htn -> 354
	Htnc -> 353
	Hto -> 545
	Hvl -> 190
	Hvs -> 196
	Hvsn -> 197
	Hze -> 328
	IJbww -> 62
	Kalmth -> 424
	Kapell -> 427
	Karlsr -> 63
	Kbw -> 357
	Kfhaz -> 408
	Kg -> 274
	Kkd -> 64
	Klp -> 65
	Kma -> 361
	Kmb -> 66
	Koblen -> 216
	Koln -> 67
	Kpnz -> 309
	Kpnzoo -> 310
	Kpnzow -> 308
	Kpzhtb -> 311
	Ksb -> 68
	Kv -> 202
	Kzd -> 358
	Laa -> 139
	Lak -> 69
	Ldd -> 24
	Ldl -> 2
	Ledn -> 1
	LednS1 -> 111
	LednS2 -> 112
	LednS4a -> 117
	Lek -> 352
	Lin -> 322
	Lls -> 257
	Llso -> 259
	Llsoa -> 258
	Llsstb -> 303
	Llsz -> 256
	Llszo -> 255
	Ln -> 356
	Lpe -> 337
	Lut -> 316
	Luta -> 317
	Mabr -> 418
	Mannhe -> 70
	Maria -> 428
	Mas -> 71
	Mbga -> 247
	Mbh -> 343
	Mbt -> 321
	Mbtwan -> 348
	Mbtwaz -> 347
	Mda -> 18
	Mdaz -> 153
	Mdbz -> 414
	Mdo -> 152
	Mdsa -> 301
	Mech -> 433
	Minden -> 165
	Mp -> 271
	Mpa -> 273
	Mrg -> 72
	Mrn -> 73
	Mt -> 312
	Munchh -> 209
	Mz -> 326
	Ndb -> 201
	Ngsfa -> 400
	Nkk -> 296
	Nm -> 74
	Nmd -> 539
	Nml -> 103
	Nnvbr -> 360
	Ns -> 292
	Nvbro -> 392
	Nvp -> 132
	Nwk -> 150
	Nwki -> 151
	O -> 542
	Oberh -> 75
	Oberhs -> 76
	Obpa -> 229
	Odb -> 419
	Odo -> 77
	Ods -> 78
	Odw -> 79
	Odz -> 171
	Ohze -> 327
	Oij -> 551
	Olv -> 364
	On -> 285
	Onn -> 280
	Onz -> 279
	Osnh -> 167
	Otb -> 80
	Ow -> 543
	Ozbm -> 346
	Paris -> 225
	Ploch -> 214
	Pmo -> 239
	Pmr -> 237
	Pmw -> 235
	Pt -> 295
	Rai -> 124
	Rdwa -> 230
	Rheine -> 168
	Rhsla -> 380
	Rlb -> 385
	Rm -> 323
	Rmoa -> 404
	Rs -> 544
	Rsa -> 102
	Rsd -> 420
	Rsdg -> 421
	Rsn -> 178
	Rsw -> 398
	Rta -> 148
	Rtb -> 382
	Rtd -> 141
	Rtn -> 145
	Rtngo -> 147
	Rtngw -> 146
	Rtst -> 384
	Rtz -> 383
	Rvbr -> 133
	Rvs -> 541
	Sdm -> 403
	Sdn -> 569
	Sgbr -> 228
	Sgra -> 227
	Shl -> 128
	Skbr -> 126
	Spa -> 181
	Spb -> 170
	Srn -> 319
	Ssh -> 134
	Stb -> 304
	Stbdro -> 305
	Std -> 318
	Stdal -> 162
	Sto -> 188
	Stutt -> 215
	Tb -> 557
	Tba -> 556
	Tbg -> 548
	Tbi -> 555
	Tbr -> 559
	Tbu -> 558
	Tgra -> 330
	Twl -> 184
	Ulm -> 211
	Ut -> 81
	UtS1 -> 466
	UtS2 -> 469
	UtS4a -> 454
	UtS4b -> 471
	UtS5 -> 470
	UtS5a -> 467
	UtS7 -> 468
	UtS7a -> 460
	UtS8 -> 451
	UtS8a -> 464
	UtS8b -> 463
	UtS9 -> 262
	UtS9a -> 261
	UtS9b -> 459
	UtS11 -> 452
	UtS11a -> 453
	UtS11b -> 465
	UtS12 -> 462
	UtS12a -> 456
	UtS12b -> 458
	UtS14 -> 457
	UtS14a -> 218
	UtS14b -> 450
	UtS15 -> 455
	UtS18a -> 448
	UtS18b -> 461
	UtS19a -> 446
	UtS19b -> 447
	Utg -> 362
	Utl -> 355
	Utlr -> 82
	Utm -> 573
	Utma -> 83
	Uto -> 562
	Utoa -> 561
	Utt -> 84
	Utva -> 85
	Utzl -> 86
	Va -> 87
	Vama -> 276
	Vb -> 88
	Vg -> 339
	Vga -> 340
	Vkbr -> 135
	Vspa -> 299
	Vst -> 137
	Vsv -> 547
	Vtbr -> 203
	Vtn -> 89
	Wad -> 17
	WadS1 -> 480
	WadS2 -> 477
	Wadn -> 16
	WadnS1 -> 16
	Wc -> 540
	Wd -> 90
	WdS1 -> 525
	WdS2 -> 526
	WdS5 -> 527
	WdS6 -> 528
	Wdn -> 177
	Wdo -> 91
	Wesel -> 92
	Wf -> 93
	Wgm -> 154
	Wgmo -> 206
	Wgmw -> 155
	Whe -> 238
	Wiltn -> 381
	Wl -> 553
	Wld -> 413
	Wm -> 359
	Wolfsb -> 163
	Wp -> 204
	Wspl -> 142
	Wt -> 325
	Wupph -> 222
	Wz -> 290
	Ypb -> 23
	Zbm -> 345
	Zd -> 232
	Zdb -> 233
	Zdk -> 234
	Zha -> 391
	Zl -> 266
	Zlge -> 268
	Zlgea -> 267
	Zlptta -> 287
	Zlra -> 288
	Zlw -> 415
	Ztm -> 22
	Ztmo -> 21
	Ztwo -> 4
	Ztww -> 3
	Zv -> 94
	Zvb -> 416
	Zvbi -> 417
	Zvbtwa -> 97
	Zvg -> 95
	Zvo -> 96
	Zwd -> 409
:end

